-338.7298017006617 -798.8730209008708
-117.85837658108721 -900.7587849837406
-277.6072240298914 -403.1604439907097
-509.7046666344465 88.76229845363355
253.32110448245226 351.67994616788883
523.6529582748876 951.3403216689051
31.390797863169155 162.82845152768414
-502.63624964945143 -235.61608002719333
846.5879837368936 727.090875556936
-962.4449049511783 131.8676068414752
-92.20775393639747 917.0670890641379
59.823863143990366 813.5904158950684
-713.1315182931976 286.3680377096207
-372.9202944500107 57.43805938820128
-578.6948789967773 -9.416304412598379
994.1299513165729 -254.00622172345152
67.4679918579709 -237.19885296596033
151.4662547007324 -117.77810580022185
-968.4327685918337 -118.74327270877359
680.1660246771035 -926.9102757676337
-438.39797124566894 -220.74037605429692
12.063032970870381 429.98867617654855
-618.0407072336918 230.10849471717665
-867.2821220464044 -962.261013928368
-651.0451621099214 -308.15747844509133
64.52912184797378 535.2636440839055
-970.3910574574621 -439.90770191269576
890.1247780313597 793.7198785757225
788.3978966891584 -351.15904771412795
151.97081612323223 -74.31035262756097
983.0744833182305 -866.4590603471298
457.79010080210605 -111.16363176370078
690.8447966042615 -608.874311406381
201.10135923436042 392.8183760970171
911.6981446578625 212.3738143474004
-456.9486112329902 275.9031090923161
-303.24123908543356 799.070936526449
-243.38849443991296 571.2693240856984
-561.537427589456 -673.15641985777
793.6327627510773 997.6164630677767
362.1280832350228 -391.1403876553434
-941.7939046715429 -785.8497826142956
234.32439229625015 -896.0600531275664
230.25901199110172 -563.3932534489857
-598.1084550685836 275.91604346986605
-224.59080266497654 -952.9320093410671
-879.0298690151545 -383.73240689639124
673.0620276737475 -610.2719127931382
958.5628451526634 786.423494024529
-839.7340024562702 203.5388009747112
-370.74936782275824 -617.1126178367888
933.2287661360149 -946.9780233039143
-379.00259645992844 317.5917740715154
89.89964216285352 -744.6477897971193
-300.1259846751285 -229.49355842279147
-269.8036596368328 -97.34317474946329
24.12071453647195 -195.2305091098641
492.43980368483676 -141.86584570022558
-821.336407999075 -19.215634742230577
454.4873413724911 -29.386186658653514
-325.69053032042916 -636.9454141817116
-612.3477672791606 -575.2942953695161
182.89660958014065 391.79551402118204
250.9715301576632 -947.8327644915901
-193.12274849427706 244.5223322056811
595.1387956005137 -421.98033638100776
-196.12300196786703 -951.8025001448216
623.1118200120352 -514.9179698184153
341.88531694702397 489.89046201335145
374.28935396827796 -587.1096140292202
-283.9238798939949 470.17033433817664
221.09914559812137 -244.32332587211158
928.9803011573697 30.29117008467051
-424.7593315389846 705.0311404444524
-259.69297229151516 306.7213953407047
-839.2725189196191 -146.55840213005206
-913.5976680366377 514.5019674040632
-161.18772472735805 922.8311802656067
924.4766210046294 -320.0137787494193
-696.841062921585 -810.0969988479847
482.35226496805603 -102.83266800943136
-487.41423907476883 -533.1687027826606
-818.2405517918058 280.6159464520547
940.9989682185187 147.99929687043277
-10.67404495300957 -408.296173889672
246.08066928799144 -562.8602225823938
-601.9055991446634 201.95771745259822
767.7308228327906 740.1412191883592
758.9417319618706 -79.11764247485826
700.2260091530161 325.4293352459847
267.545601183298 -774.1254211432431
-415.43976008285836 721.9539020300301
-936.216191679546 -38.16506456362356
-793.2905548482119 816.5450512467285
-112.62038089730345 386.6813989774123
-670.9002935015313 -565.9541838446487
64.68980023886616 69.22724820554572
-432.6805940799878 287.73853064001673
-153.0127640344865 445.45302939262797
-99.07459405466398 -745.8465983370903
-386.3033886539928 -978.7504126228599
826.688907666078 815.0881048625506
191.83412013480006 -60.18498117175591
-722.686398964056 323.4367505206228
-465.23866428270003 184.816523828242
-199.84575382534797 333.32149570670936
-709.1156053883849 -467.46859689390806
94.58185292431108 -513.9394465211903
155.91939532790957 -374.14858876085486
-450.2215289864264 786.109805111641
-1.188033087390977 -543.107698856365
441.8720580770687 -309.68598333788043
110.66691972428566 -41.84300461796738
-664.070305536371 322.8344672968399
-454.6900228971848 40.67550399545917
-964.4252311851393 701.8406402969101
-974.2307759890397 525.1286818123481
-220.66090184491748 -133.39173357458026
-885.5858142196842 329.2913496696617
-853.6803448806673 308.8402262119155
-310.99856826380017 992.576047463037
516.4044763748686 207.95890969495235
780.0782464525482 67.57851016439986
841.5340191789371 -19.12315017602714
773.4168520402234 -505.6726892940644
954.4714252681481 559.269107282837
777.5425248011334 -138.48321692949912
-98.89494278675534 433.9890513623859
-569.2359791512981 356.83625671531126
388.37406474037743 -588.3443534175187
64.49876910665421 282.9830671647569
77.63670227739863 520.3882216366678
369.27203674846146 215.95880967637686
-310.2706713619814 42.22504160432686
175.3343053238582 -324.2584773225119
672.6411782619505 510.79898244444644
-203.94347177946463 -702.5064541140325
752.4006189808356 898.9308805852143
-960.1964553184991 -137.0431249580031
474.37865737223296 467.19054034122314
216.11698619486606 -338.9897081362366
956.0834085284566 714.7500485875914
-312.4787558501905 -556.3969901974406
111.1847006008768 190.43672424116176
-650.702479551949 709.0011561084962
-288.8613907599338 -375.57919682283546
-378.3814429963493 855.5772550207948
-407.87728054419233 -771.4134479637974
440.61850622993734 891.5985141474837
468.5679375963998 166.49058920881453
-547.0580464511519 919.8235488783787
691.0799911841857 -529.2947885693818
465.2357394302617 -96.01034136940109
266.5119787204926 -937.4077206905449
886.4544145108628 -904.0959773143574
-907.4686376364922 -584.0720044260697
722.1728084103127 -817.5434109726854
-483.46573942911755 -235.6839350940645
994.5381220543991 766.4039046594676
309.2064298518078 -675.5668831199541
-308.3762065731737 48.575987939325614
701.2018991887257 -192.41702807680156
243.30710816025885 990.9007917036549
-458.8554184522469 701.3160668539747
238.33652858864002 -365.8689818196424
-74.01087571448511 -421.7367367429521
254.30671151564434 -398.3288411107952
-958.7771547346358 438.5111939674473
333.71074939938285 -219.64418178232688
368.46676126835996 430.20618208948486
460.1409380876037 -480.07180609876434
-568.7049758827652 215.88511716166772
285.17838533614895 -474.5175004599273
122.26335206687781 -53.774710419331996
-553.7479205506477 846.6804905454856
798.3383586024418 -299.8946465916579
144.66435598728572 886.2529663143966
-381.3704221341145 -292.762701409544
584.570520677802 512.7595598481164
-523.9517199913389 354.36481157517574
97.38606305813278 -165.66370930039034
976.6185442589217 523.5470537023589
267.05856668306865 679.6941602327076
-294.32217623938993 617.9549680433024
-792.7668839571686 896.1405700968244
-556.1743581498818 810.9073551183646
-280.96512283122706 416.99413338180716
277.3782813126131 786.1836104998981
660.7082362997764 -357.5892692760357
818.6460988370209 -38.01840956000535
686.3545855278844 58.11394670036452
-265.7238870705489 -575.9753632374491
629.7930163126673 -991.3906953927161
343.66799293592317 208.65788942532527
-271.2868923647968 944.2597927238132
-277.378705671151 740.1436175057427
-40.727809953484666 -157.6994710096069
890.619282103761 -145.97169692118234
927.2808370867881 707.0484492299663
263.4004860304151 -150.49879621916148
251.25557869793147 239.26519488417557
-599.8296085102038 314.37407481901005
-232.21241250276807 -205.95768006916649
190.5105697542151 -882.662946149811
-621.6566233263143 -158.27125295239375
696.9877778612176 185.3373554518687
540.6615938428861 -444.99859110817306
358.3639504245532 814.864184645345
898.4703170146049 -29.73148430765457
-198.37189181658596 -886.7533396581881
-178.97636444471084 448.1704194005565
-190.9074826876987 386.27943933023585
-312.9602005438712 696.2766227439456
823.1157500645681 -176.30256204904856
-179.71453562659656 771.656739700426
935.472624361804 -591.708317831678
-39.10775793674554 -507.3189161579548
131.24961548142778 -478.89386849845494
410.2852395349703 639.3755573887777
246.41654869696004 -104.26371656208482
273.85653118021264 277.96477687402444
485.4644855928268 -274.4993623622838
602.7839508776342 -701.5350158063413
990.3669846834669 -988.5850244549816
569.686569910484 703.7423739894107
-875.2175789396131 236.1529472651141
937.8414241254923 928.7087818342886
-698.1508411259761 213.32673021060577
432.25090565958726 -758.1239433591422
-426.7605221215041 -71.29143606872708
608.0248201084514 -935.0643772295992
-124.30393563368261 -238.2027187364224
-15.221458793562647 -866.2728323387845
-114.69234164839429 -112.17111596052587
-533.5142665914669 114.12204107748016
-32.5155680613625 -459.1095937286383
-400.0603566219778 -555.9183790059543
795.7848932367194 -578.3078313234948
-32.95696871606867 -711.4499904430079
802.2310718468214 -447.53452508037014
-957.5282001683607 268.66715731217914
-954.7034210040683 -759.7477034840647
476.35252881759425 219.56361417731136
3.378572819000169 -336.5131468373454
414.01329406702894 928.0258459264014
-49.343419552303885 161.26398564796068
930.0973906548036 -420.2278545990696
-856.2775071491942 -108.85275211226644
52.83529982059281 92.17793764502767
988.6681185870937 379.6444249388169
-225.99553923282326 -62.19016085097269
-463.64392048727416 648.1016686123976
906.6957815716612 -158.84805108828812
89.81984805242632 -84.45889935364062
549.9907221565877 -939.1469548799945
5.856970211003841 -147.2405568541551
-997.1826836401185 -463.8714343475365
98.68741862137267 955.6614434667704
-548.3708330968498 949.2367222617506
-338.2756820469939 953.374339897264
-682.7121732808712 -631.9776109350023
-508.76527077155487 321.3028341906024
-515.4464144400317 948.5290568340417
134.704247754795 882.3435526099934
321.8605497207857 -325.236350540779
769.1175075735075 515.7235645807948
12.44162791166707 -111.52332236186055
556.2091954489176 617.9707778040515
164.83237870342555 -607.1639523875616
218.98214025567108 598.6800261397173
752.9829292600778 -228.3164654680636
407.940153052891 467.88238209138535
746.3182910325118 695.2720708877691
-854.8140890185265 -385.9978526869612
-231.01838658893587 258.740956620009
-27.80556714905913 194.5412812024531
-983.6899840804605 815.7718735575925
761.1452611343389 546.0841863645317
-981.3020265058565 952.8679052944537
457.83919898703743 -219.88381024019316
284.44678770818064 996.2700678582412
-112.1285195563197 496.2723557050358
541.5160643194279 294.1869543597368
-281.00341582829833 -655.9620646300688
253.93323131260536 -193.25275516111697
-62.924454769366776 -572.3507416688531
424.44540788374616 -215.2934039478722
854.3753224392133 523.0698302367532
-462.1472917551066 -676.2177626493908
-740.6056078269005 -860.9614504686735
715.9908619610978 112.5251231718496
-966.1170788686575 -485.0741024275728
466.56950363498345 940.9912998085044
-428.3855591741925 956.6815407346935
223.35101569613425 749.1976283896499
360.87261267326653 -723.2995018260444
-986.1762960150173 -292.2305011345014
-656.7573746618707 308.94442417138566
738.8639107917311 601.4381974746489
707.271462228653 366.6304220061527
-503.32356497970255 -482.6822783367195
-196.9603771542212 -308.95272799288944
-677.7130180102861 299.7182603811475
549.2079809449708 -138.30718947288733
928.1404015116816 -55.34230830848742
289.3515453973098 62.738467731939636
-980.0449178049774 -789.4832922200876
490.4479106929173 362.0494660980871
167.85576279332804 -281.1854044923301
912.5813816009447 316.50818296234365
-688.3906362993317 759.1426537948676
936.6594980047441 846.048117434641
637.6920433915786 -496.02040719354767
467.6275228284974 -113.0290643825582
-239.4475277750139 -195.03221184456993
801.758257269249 -944.3930079673779
-264.3194845653694 -627.6223366642217
-891.9200705421395 -243.99000126557473
909.2205556706033 106.59060861828539
208.8468037401101 948.2300580336951
807.0214497453801 551.9007598515818
-322.6612189932148 976.8514457650169
-477.01820197129075 -280.2537516526296
373.39347575268744 -594.9547867536451
-882.6988846333971 776.3331489455215
324.5643765173586 85.75573796565845
-776.1104328296125 940.8075463935011
314.6717517258335 -483.09452379251127
922.8405917870607 -224.03967277811046
-226.64431364476445 43.11168672864028
-386.25566930433445 -654.5148421958427
-795.7748462619487 495.6297974269937
-713.6065018837547 -585.1833696374207
-106.71666918066558 784.0162383992551
-725.8607114488093 122.17056852353289
739.7764642738182 779.7831785787962
776.1288272961181 343.9564471790345
606.5539580309951 -459.1652838416637
-94.61138275109636 193.52777721412122
-300.48335758857706 -744.0636964540968
421.4669872004256 358.3372520367875
228.47481267246417 974.3174927877235
-500.24484607235496 -659.0041250156371
-866.7482466093761 -525.7719957979882
-408.28355395661026 89.33590084383673
599.9153112130696 113.17114506460825
315.8965443487839 -32.08182886183272
-214.9483582939531 -395.82659968228745
-494.3233349506233 -724.0472327409464
-870.3563489524506 -810.6032288075919
-460.0623764154352 587.6905664596909
-512.9552429581731 79.88498720587882
931.7172616389109 343.3023317786701
-741.4022076870415 -974.5182180606637
25.414736565402563 580.8525662467289
626.2216018811996 -216.02768246189714
867.5061512124782 -591.0881272871982
13.824881757924118 967.2042818082907
261.19079131225453 -696.3135938417655
-384.3752454618161 -664.9925071943356
-55.37170148563007 -841.474646242581
-199.5164115009485 -82.88815252054133
694.0040799313226 670.004205932604
692.5795214232319 123.27910610449749
261.8603088155362 529.4216147653151
-564.9940720027944 -517.6038265577454
559.6647908757575 667.3040126147826
332.98556790745465 226.12084984921808
-334.0836808634258 326.70381578589877
-313.20353863912703 624.2416505545077
277.77652484887494 208.76076524019004
-786.0946833565947 -342.7950675498996
693.1373827677855 -925.0099349380645
-147.66736674154004 540.1641084217708
700.3467234036223 -560.0088172213573
3.5395520900968904 329.90498183018303
309.1511336558956 549.441979747214
-606.7542602617557 954.4413552599215
-844.818817270055 47.60386119398095
-955.4882194665853 -148.70716415100276
911.309016318575 361.0826330285561
206.08005439038175 446.2929243370879
-412.62616933292406 -64.49604143985027
926.1738929177816 906.9522748986901
-880.1218072765042 -63.80992795717202
9.605647556740792 719.887593562077
608.4608497395004 -777.8740414799386
521.2131110710159 449.8174190958666
260.27310640800033 414.84533339812174
85.69323769292646 -593.5623964338483
651.1643897250608 650.3704583198607
-58.04420877178916 -963.1925759615074
773.0953424000231 -405.3464719163586
-409.6054769330349 422.04129501066836
-321.8169279625482 503.5120401449151
-770.2928713412063 -871.6491531488238
-391.9160872794507 -769.3508303583783
945.056200779137 147.9879962693285
669.2171031499759 525.4655199289259
827.488681549899 973.6302154716716
-777.577704893847 149.66510333114115
297.15346619056754 17.85304520807074
677.9415316488601 -297.66450762427144
-909.365128149791 -906.169342935919
999.5921965247853 -854.5205503781795
-498.13211991483917 -57.310898160848524
554.4303736927488 189.07849176036484
592.0534963340556 826.9567416121208
269.3982391105269 -534.536005315528
-650.0010758241806 -490.5732793751638
644.1864201047904 -993.0446993604219
579.1693038269382 417.1121976128809
-827.9943165575165 -708.7624678401617
58.71800490538226 -24.694694335635177
188.26791101896038 -60.16470029086247
242.25666416728745 -572.6258365805032
741.2714675580844 -114.48458351337786
-931.9410128395675 849.8761751632926
-226.04709026826674 -883.8997694021314
395.56950678906446 15.741910797377727
802.9367887425087 -196.71399266851995
-205.34411329632803 -563.0673947764849
-832.6774108188133 -12.441674343647037
-571.6412157593536 -904.6621688165164
-693.463114217858 399.40841317332956
743.8648661909567 252.49594601608624
-124.59236852658864 274.5321995650495
850.4048774725454 -310.4546165770183
-83.85780016353397 585.1468119728197
69.11530407124314 923.6904519163136
568.3036372927604 553.9405720988459
-474.0633658134086 -934.9631258368897
-421.1640503042639 -723.2605641386856
-480.1423336637873 -592.1864248184711
-814.3074510322856 -221.66342695604976
856.4210823575986 995.6573200673979
522.5101942314354 420.1456297590239
-272.3436152053906 156.26984343677395
-259.18413388627016 -299.0953170557609
466.8476277079469 -244.90652215162982
827.6386592976762 335.57006796988094
671.8552995338537 617.2625120045109
677.8395331356478 578.3874423498257
200.13970619563293 -886.8728236887133
-509.1880476803119 -432.30364973602
980.154419550719 966.7553660112844
634.4129710979405 107.74113408521248
-905.830842940901 672.1599638477862
833.7039592646227 -25.901836700584795
-310.3249027224018 861.6157549931693
-680.9251767607793 357.0178283699745
-131.23486177590246 365.83236331938497
265.5149510921765 993.8584679840974
-559.0756262780823 -73.66522180543302
175.77531890007617 -645.6827496934485
939.0532238064773 -485.37907831048904
-410.67558359126986 91.54920092672523
-703.9997025166992 102.08736687600003
-705.7485607828953 -112.70693752106035
192.23684496482224 -932.8859606195341
-558.7001407963055 -616.8959665343402
515.1092184057904 663.2533126186061
-553.9464433442829 981.8753078645439
-74.34925386965904 279.4705534415277
613.4648009695986 -365.5722861865885
673.3150842968314 153.11597498863853
-370.03900907461355 -254.62574097050083
380.8522207432309 691.202053331418
-494.8064661167073 -421.04158938137994
-35.49370051519736 -283.3139956996447
-124.53242965003983 -706.1487864077147
-250.14517640111603 -839.5808600020894
249.2894587989406 347.8929380502709
722.209777651803 -883.7766389790285
449.3493995269964 154.89395815666603
-317.100451531001 287.15733909023675
398.77887018056936 985.2172666724289
49.68889235090842 148.18432293884348
-753.3710239177132 259.2506128820073
984.660236043623 -967.9280050614587
-797.7926534068685 699.4230045380225
867.5449538162936 700.0269060677349
524.6625607464048 308.5834602309935
321.4856780940536 772.2325268794061
-518.7427881048613 -495.4694306417777
-651.3776186726394 -693.7568819120892
52.38090263126651 45.591235902556036
861.0338335337613 -655.7970705438892
-62.7431243981365 13.187721104821208
-374.9893199105794 -126.71076796722548
917.7567147133759 127.24606309802812
414.1268678684344 932.581944426327
-690.1510385680353 258.9354390236988
920.3182130190617 527.3113400195994
494.0931175629605 -74.29180588222016
646.3759684377362 -612.6268701139265
-547.1757991747985 109.7218170735448
964.750516088774 -132.93569894129837
727.286443404998 567.1787314923843
-832.5870607800146 -539.6043567946209
135.72100729398971 410.58613491838423
363.37505566099117 -886.695441933851
-851.8811017227199 -724.5033736729696
-823.2729709046533 -272.2799518764509
-633.3015203469525 715.1223395361922
423.48107832035384 -793.5291974870795
-356.50651198999685 208.50506420193915
232.1434135559257 -526.0794660160636
165.38192378150325 -133.0280415582297
174.60808870544633 -410.7384367358193
979.9094876413055 -68.49099299719217
-777.6820349992124 -164.92408184644967
865.8356709276493 152.71967029544362
-439.5139041091751 -264.4510239775366
-687.3064408241356 -482.13737639997635
293.34774920699647 981.7492832618962
-967.7119355570989 -459.47666505857046
-274.0355556755667 192.13665275802055
88.32959359975325 692.9832328210744
623.7170867419397 15.954978605217775
14.26130981843437 875.0858081453991
87.82473772116555 91.73495583723047
676.3469539340349 47.237520718392716
-759.0984895415836 -595.0964709215742
-803.1687254490228 467.6292601263433
-737.6943593716201 480.5505011515611
-954.4234569350092 -390.4915636672663
840.9965810244908 -507.48723837299
604.1098460618907 -379.67458374997625
-697.728137621094 897.6658647075117
653.1971134420696 582.6328624632356
745.9456208912093 -194.0805266253227
9.620100145069273 535.1453722660299
-545.1983974653908 784.2234468650231
-574.094276007632 -459.6310638380585
-967.5830912794212 -122.9458714831311
-658.794892608422 -889.2489323205366
-189.4435512480701 439.3814198453508
-215.47584093130536 917.9638416166426
981.538115734329 -835.251560950493
302.2362555757509 916.0664761571768
926.2249363070221 -259.17735414910385
511.3875405821832 847.8285552159591
699.9896779152623 509.4502005075724
526.4499821106247 897.5192304028121
215.84467581282138 405.7702230638456
-84.94998725350206 279.90522683934
-742.5982270193024 274.6531681547749
161.66052770382294 437.5670977065354
-551.4446906927808 739.6646918853901
982.5766552153759 214.56347146909866
-81.6312078614792 228.44003564416244
909.9033046346356 939.8694508106842
-400.41743270772815 211.9462514654856
-14.908606260184229 -167.90696519275002
312.4685810432552 33.88021613339038
652.800059681508 -301.558472649043
581.009287013 -283.1991203066917
-80.40039368543296 -8.137309648712062
-505.6525787487474 -60.21866434289018
846.6853536250524 215.7788891978546
-396.33413480904164 -314.74058895416283
-95.56005925443833 536.6728785972693
332.43596116272215 -204.15362396671787
54.686845042764844 783.3589408896219
638.3216343308411 565.8089121685746
463.64696189616734 -698.1858947527849
-381.88354180437466 826.3481485545149
-616.7526880255192 869.0723241714302
-891.1101736209781 850.1641564085319
440.54011207767303 -156.5138171749678
701.6428832245972 -938.5232219782696
977.4319366567702 -41.64909881953304
467.1116133525247 -991.4336108775783
-720.7300397695253 269.87220683354303
-56.61335179718469 982.8192427122851
904.9876858060061 -16.93965283756313
821.2487003686967 -617.3591778182517
29.346526385592824 747.6307220277897
562.2373009384587 -525.4662712312705
118.06568466683893 -18.209211273694223
467.5742415402076 -149.090065139206
-955.1490424905511 -738.6867787291774
-393.10652812893807 -894.5662141682626
617.232565666704 561.6313757237865
-930.0189384355928 -221.61281539724473
16.0935937189912 -626.5680291696822
903.8238421931537 -312.77558216424086
-207.89538848557186 -314.81898905129447
-552.9208174455764 704.989750845461
-454.22144621289397 -907.3486216983035
709.8011219785792 -562.8514839716588
327.38369952615244 960.4548214015731
-673.9028678966929 171.44182578367258
906.25137439084 185.37130583600197
142.1873229871535 583.2536938890164
171.20107512571371 -25.847062053441277
947.7781220613604 810.2920641709457
-230.06713665806444 621.1701364964895
-677.6949112201858 -461.19462489356454
-128.04530980324682 936.0624386880304
825.5077874080587 454.27009261303533
-799.6277195879395 -226.40639691548188
992.6314475116944 -979.25285508555
-330.4675291962434 232.36590620123275
-993.0640362938641 -926.8993633164886
-678.8168163935258 -348.83724151462945
212.69583820063372 -384.1808394320625
566.7087266299789 -870.0313973602556
-566.3925918207465 773.874946088057
-321.65908881997905 413.22370632738966
-475.07226384726823 -294.57732098220197
-121.99658498279268 -500.90560549053544
378.76938395599245 -399.8076959543797
979.5314266546484 -581.2406233540772
502.1765100808609 936.826124434448
-213.05567169894664 -190.05821736278472
165.71583856072994 571.3719692350608
616.5974871663802 -693.2709298183344
268.0260796738737 686.1125415183642
-964.6237187014981 939.4897435856558
816.0108676829366 539.7268194766086
-548.4152048659203 -954.8962526435824
924.0212418401179 -229.67843256089986
220.13458133075392 -688.9051601672454
-899.6344313265201 207.19345184386862
50.60881888792346 -374.52350471096247
138.3595454262968 -519.3192281699212
-262.6536529866405 697.7551306089692
-416.3680635868594 -594.8381120008066
502.3892835616491 474.97663458061356
804.3839822932043 -829.6705999227854
965.3957587877744 577.0248805727133
-578.2262317236422 76.25180319161427
-108.12853827921651 126.58842291339533
-305.5442489501214 -151.0607855614918
-76.57920108765427 -131.62124033821715
568.7030716887778 274.86926794798524
124.50505596069002 -455.9651299843863
258.631197327863 339.3933500629232
374.59153214225216 -273.7994229435037
461.1340852959381 42.143110792177595
791.2067943525117 -744.3358818312547
-765.5955720761041 191.30804848622256
-281.8555466510335 441.7389244792771
-280.78567674448345 945.2084318976019
714.8628628489307 -503.1248815815148
-650.2407970258108 -405.22560205346815
-577.5470725233658 -324.98109065352196
352.3546826938066 -401.5281019643378
892.4203787523213 799.9663048860414
-599.9086207903126 724.6422515095246
399.72658880643144 -762.4277515753329
162.31043817182558 993.2288696464502
531.746292075472 -495.791405999175
-156.9775970197702 937.9343031301078
819.5255556422703 526.5677034333692
-839.1477336309738 736.4881193249316
891.2378195337394 76.01759546432231
-854.7887166961581 -524.6882538561813
-580.9684568720068 407.8580871342067
929.7037786134533 176.75765445043953
-948.4221999494221 -772.8703484925759
249.20320870094724 -344.63483428645554
-384.2961900637689 -675.6834654644704
966.3990785348497 -215.95950214059246
644.1782834280161 245.0695487241569
553.1957928691779 -594.1479402186891
315.9476333673649 -520.0621235817371
-322.0334868024406 186.420172605704
-96.30304449990865 4.284590627476177
-524.8918192057286 -656.4782240756119
941.2707368216095 -706.0143390400985
138.70599345213827 956.3593752507049
782.4046714750364 640.1461521179631
5.47293099944477 583.0888046507209
746.2742696237647 -841.4409296511851
897.6806423010689 -570.3346444544015
414.15595667789216 134.23442783640508
-15.49064603316981 -253.26277936157555
643.3387920918719 663.3494063222024
-680.4229234643593 -539.9806139856233
-447.0126858858549 181.0134553819155
-444.8373569317845 -360.7906071463534
40.1884460918302 -418.1501109891142
-591.2110097312913 -623.6142667765641
-845.3192385062669 -29.050348937702324
-525.6377389275037 719.6954965018506
833.7626026711628 555.1199860061183
-583.9617402001664 633.3174797784807
847.5707574829764 277.3445440419948
694.1970180991748 638.3548540684451
681.4015923499214 -522.1588195758886
-154.2550922579693 973.1751741544304
-477.5343368356746 223.05349055276065
-100.54619239787678 -245.3262107737761
-53.056132118936716 -468.20508181717764
-946.1511241610929 -177.42081074957343
-920.2640874073096 24.651575968271118
-330.4437109257723 -34.94161573706742
-147.74523428485577 -453.32524698807333
154.62789887065446 -708.6274898651836
-997.5188310300302 64.58525810238007
429.926282503375 472.21753028842886
629.8905233453108 -856.0420428937057
-639.7414400549835 -584.0414924341035
-610.2267139781117 -549.1402687560914
463.9353036760974 739.9414779602589
332.4058389118775 -947.0933129538523
-927.7148136596367 651.6343399343632
-74.72075269744778 283.1217030692926
912.1250802716393 884.8969792218059
-958.031582758077 0.3342756881463629
709.2410905952531 395.6755742072103
-607.4725685402011 264.2913239708812
637.4730568302693 735.9266147444866
197.24257688783473 -544.5637965922434
-225.82190575153675 800.3150492952004
439.15652299725457 639.0135956083823
-282.9771165723713 95.72637415418012
-612.8598262377478 665.7681896228123
524.5934675711965 -512.559292635267
600.494737654371 -683.9623304590596
666.7784009114937 660.724942299247
578.3491540289376 -337.06454325751724
-446.9257480826459 -67.87397521731145
456.95805709256297 -874.4997414570455
-123.1967598450359 -310.3752222058083
-408.44481751150386 -82.59725272896753
-665.6664930760958 -31.28951601988024
-143.80088084719773 -517.7825098032224
-779.2515461876878 -249.6660398494273
74.62585956406565 420.6586807515923
34.357185626235605 -365.76677991279234
-136.83028725575787 42.67914036559023
357.69993091600463 233.94064290809683
-539.6110580165719 -483.15266814645133
565.9236585804927 162.16534472299622
-550.2820385478469 323.6968060173458
-232.8292157750069 -967.7542104108713
-29.378432406345496 143.15658313764834
-671.1198532866849 -203.58721391759673
-802.1834571632911 -815.0835726815095
321.6289302900193 1.337575039764829
547.0138354288633 -293.93534934102354
-341.85669783408605 582.9061549729645
193.55309609282426 754.1151574759731
-969.4651101033462 148.88096442968958
-200.11509907740253 126.87630305329844
102.692862721432 -985.3608676118096
766.2882420097724 -757.9776915679313
659.9386924370208 133.1577785756392
412.9762481037526 -606.7822705398653
-887.083009183997 -5.097109059352988
830.66996359517 -937.3081407647969
-555.7565088140636 -351.04083174943
-938.6285826552074 -41.097645573516616
-413.9684334163711 -626.6727124116485
853.9261723307316 954.4499806273852
137.11706194891076 681.0159669565801
-233.84658116607056 -601.9292505317314
333.85455662176923 -751.0606789869908
-475.7037179877259 -449.66394195879263
-362.31882882894297 607.3401592460755
-550.4819759425063 631.05211376427
-997.0401522855616 -139.95400199964388
444.18064150266014 -108.86127127005204
-742.2045704351697 -217.01000322485538
856.2374667395466 -610.0112534251218
515.4773977152599 445.30424663044596
-484.55800731135514 -279.8507342248233
-496.1393849418192 -792.2567105144942
-144.2812287690465 835.1589270885349
-262.91566679893344 -195.6100047376359
539.2746585673272 -804.6339808687712
673.2503618499022 203.3077895425222
838.5867627317073 -437.35919078267773
-363.2399355046066 -695.4950315249478
-123.33957757590338 -655.1547305609837
177.53196284311775 -959.3778928754024
650.4045745417002 738.3494001000652
-523.3715656339515 -339.2537528770731
-633.2960611069698 -811.643934183365
427.4735140116634 949.9991199689719
-863.4195861126161 547.0633456244834
71.1493678494569 741.2831767470839
885.9136288745608 59.71531499792263
418.2075999495937 -773.9361577497492
413.3728893740497 288.607198798823
-422.65694097532423 963.035922403318
985.4835497261588 731.8992737248655
715.8301495030755 781.3253285434478
896.6355331507502 703.8109493742502
-861.9965719809684 21.980021182192104
196.5061400688685 -604.1966184524712
521.5823680059314 40.919547549544404
241.0630347675542 703.3852940724191
221.4286514243156 198.11993173919132
-742.679052666038 712.55849109113
133.3535562257489 -45.775559717888996
-971.7691302717926 -837.5780118917944
-979.5393511322872 57.349407474600184
-415.3856223140806 -838.3215700635633
-861.8217589114399 -304.5943519736079
523.1137538821158 -415.75812740220977
107.77176694031346 -813.1085197314198
603.1939348106434 584.2437162266158
431.2304971620026 740.2584794725549
-426.6821309451343 30.92518554591402
-206.99258833773877 -984.9841438174691
43.79092939577754 -679.0417781392719
-463.83389734523405 239.8064626190453
656.78009707753 -738.7893211493479
-200.57839088475896 512.8310437780735
-800.9725331176243 -124.63285715430561
434.7135825025655 54.08612868375644
-339.8692143873925 -699.3177569696559
189.4440011159645 541.089179191122
-495.77467448663737 261.02975685710476
219.50143859144964 281.6901846642768
430.329958523555 616.3283089745091
303.02549875029376 169.96543290624436
679.2882358482909 -515.1711607790637
-217.83428602364756 -486.4903268751559
62.678632461738744 -917.3970229623787
215.66288689350608 893.5947680371196
-470.68454422557693 -193.34241304985756
-293.59048167197784 -958.4324319752773
167.53105425066315 264.4644036435104
-860.0586800327674 13.76022872348642
57.21858027869894 -197.57215816624216
458.1320392949294 -917.1161968007677
250.80978733077973 313.8019784850828
-108.48624785981258 379.06036263434
-904.1706259515768 849.466364747218
55.93002199807938 -308.004542650908
-19.26509486153202 -536.1919240738902
67.16472551969605 269.1289719332865
-585.2948826301915 804.2670121564684
-92.8165809997821 -759.1100660013324
-387.5731743511212 -805.8634567583829
586.7479697079445 811.6333818406549
-986.1734048724497 246.10156614646212
-848.9306612587893 -967.5907140342326
-656.2901024459984 -353.1031106324882
-387.66562890342834 433.6711999329798
865.6332430746354 305.16088024453916
-625.7376913195418 -888.2397924221168
130.78491766595857 -588.5180989468709
-753.4310046874133 -768.9800304938827
-18.19686693058452 812.7132278171277
-977.2589225987866 726.7229028790393
-838.5641430891126 -510.8071773008083
-975.1214394783248 36.53691054390379
-108.1347119154392 987.0165768659351
-477.0376617019027 363.1381447169683
698.700636193709 -726.98586847364
109.77434660327003 -929.596577668979
-735.1485188998814 486.96328423677346
971.9262676278126 356.7919610511335
-774.0500156565959 431.4644705791461
-800.0583473546825 -591.1792312406415
-598.6365770226167 -141.7416005160335
-937.9102308362961 -912.309801333209
523.9735789484164 -167.9157035403524
-216.6851034259571 -847.2181430249359
625.0021562202378 -868.4091224426056
-450.1197328141815 915.4010102877121
274.06384711579653 -320.07592914895145
815.4947618178644 132.1328149789499
-423.7863330482745 653.4833008323453
-311.5996429026509 814.002288534554
954.3403336112838 611.2866927430691
363.01192362238044 -39.32218774390515
840.8699614855946 -610.7681731586151
-772.0592757161977 310.1418354440109
-98.50439394742523 -2.678952835846644
-272.55389924420274 422.2262411399986
283.7641694999577 206.6819485191536
-582.2202357358506 -489.31107709416864
931.9404089126444 818.3859981273545
-932.9192976268961 713.2121503527658
867.3263367637237 -707.3275770713092
-569.0375059266241 723.5468332786138
503.017870954234 744.7655675945955
643.5783773069188 -714.4639784823635
-209.83023487236824 264.3695080559521
-545.2405646453662 -176.41705322669463
-502.3227774756061 667.5638990070483
-91.3369365492631 -439.07872181134894
-242.38398935103646 780.6206344896445
169.0100364021 -160.11771084217673
-140.70363889393195 239.8320700213219
468.3397101034552 120.61389168375126
429.00128715673486 -379.87224718486345
-130.6570229342991 -461.71039355230675
-648.8812221677454 -394.2008790887812
156.80989114815657 -334.0262293663785
-28.183604531037304 605.8723408660185
-276.09190783201745 -367.48466437488264
-584.9176428829785 822.3160221653388
313.82264219263084 617.034350832793
169.5254457003491 432.3329666588072
-655.610754628418 209.8379853821632
474.47665208826174 720.5882303513995
-539.3531861993386 224.68427891084752
-453.63289858575786 -53.075363652934584
765.1416215568368 70.52340710624958
501.52605841768514 -855.7436128948059
-721.4336989156436 608.8849334377273
550.4497062284731 -831.2259362249324
-302.8295790921229 85.2911738364437
687.9181289954365 -138.13701315366723
-416.3527130878988 -603.9008115114275
-412.78370268822835 616.1772050223278
152.8568953747324 434.9093675354013
-639.1989622862164 944.9199999782375
-30.011934667483843 -732.3381353737113
141.53340111684633 368.55386186822216
-1.4036758692221838 -419.04827874931834
-146.21880597028826 -738.0454120247217
-572.7641188572775 937.1688230045645
-333.5931074824691 -764.650319743317
403.4625886906306 591.4444040237281
-101.8551150652072 125.96954989099913
750.1575761637212 984.0884512021241
-235.65199143227483 -521.4640590835406
469.20031637171996 272.2081221319072
-996.2067295695975 89.57428615724803
81.70768285250165 217.2057630460797
64.03430495505836 445.7351291832508
-608.1472846656397 -18.693116338492246
702.5723920688265 225.9229485237845
500.21726015949025 -403.4717035562587
127.74616706074085 -678.4057724633963
463.0203819580306 -353.622017474122
-354.3189588944018 -687.4246089569249
-145.02933798335607 -267.3753165065607
256.98835315865745 508.8569052375035
290.8089815771941 865.7282074091531
713.849824417347 -868.4644757073736
-792.255517564086 504.58447970665475
411.5897485475384 852.9860264619858
493.0863224803363 830.036444667279
198.37827130550454 -968.6642208323955
-210.47955574408127 750.2947969910551
300.54860442249924 -810.3977573778718
366.38888930786675 409.38343114172267
999.0626353620532 -275.6415192812858
738.7479415541891 -630.4153103359948
869.7969151621346 -828.5191703044186
-103.13493794175281 -91.66197964210392
297.6959499364161 518.9720871124148
-75.88015085907386 -74.74302326053396
-927.4138347420258 183.96500754050408
745.0779932860576 -59.843118672651826
-448.125405769376 289.9021087549281
205.55836254084647 335.8045532641197
89.92191251182908 634.8876899921211
-158.37760231452444 -64.39920706580062
-814.0200617145015 609.3315337998113
-911.826648783306 511.0158205923524
-546.4256950223973 -213.74510446384318
-502.377799333513 993.7611723278674
589.0891096530622 99.55464277009492
194.14671809072684 731.2943042461898
627.1836836971095 -853.7827534065834
580.3735488023406 -274.98842538243525
-462.59719393971375 302.56506101939453
821.0607576894474 60.7073236543888
535.9688135538613 270.19505300304286
-380.03558522453625 69.55378935822569
928.6864177721775 960.8906515389037
-994.6123521649679 -634.3492914833362
360.49944486768186 -88.63653574015643
785.8378531454227 267.51184480769575
-593.9129929545712 -190.4022981059186
172.45079716483133 -504.73255324035307
-705.148753815708 522.7391393407645
-989.6504892415023 687.3523944104022
-45.18072427633206 178.05367582344024
486.22038288784347 -542.2915525964227
753.0121330492605 644.7510893113379
-784.7454661416277 -482.21883145369543
262.3990845227911 781.4446883147816
-497.125876880302 230.03823998997882
-638.7988390647481 219.47914048323446
617.9650056254268 -789.9656524722591
-515.4956179001965 292.445706132419
646.7247632250217 902.8738605102515
315.6319810100399 872.4552870431767
103.38601424989565 128.7486435922749
-396.88758211594165 -465.72117283970704
865.0674977482861 -988.9166215401393
-447.5346192839851 -148.6163582969748
-122.45625724690262 -510.3739432890089
-480.56749670850763 896.4057568179694
373.4784789970638 -459.8774832687968
970.0909127581906 -755.780457233751
-704.9328468454021 597.9034435508158
